	log2FoldChange
101119185	8.545262006
101118386	8.12154913
101111297	4.192980591
101105803	3.344380417
101107690	3.708106914
101105662	6.434453864
101109187	4.579635394
101117899	2.230077866
101119706	2.417054579
100170328	8.262998301
101119080	3.196373546
101113198	6.076326778
101121363	3.185905517
101105056	1.776353917
100101231	2.240488873
101102812	-2.162675078
101107412	1.172857231
101117366	1.754976711
101112037	3.153485745
101120574	1.846696618
101111820	-2.244333262
101115216	1.580281697
101114256	1.866358902
101117552	5.261790958
101110686	-2.489888423
105606027	2.605666934
101103289	1.72938298
101103691	-3.141620501
101120284	2.893738198
101120124	1.526455784
443255	2.539633299
101103445	4.130780043
101108990	1.528216578
101113649	2.59769134
101104848	-1.315342675
101122687	-2.075014531
101107806	-2.364871847
101111860	5.489319437
101113412	1.820855309
101116543	2.423341694
101107094	2.557476579
101114816	-2.072636577
101104744	1.260912926
101103086	1.516524914
101103177	1.053569164
101115241	1.677097504
101108212	-2.131787411
101112285	-2.779772499
443392	5.185641045
101112970	1.779998642
101104949	2.12115662
100170318	-3.387590763
100127211	1.233531411
101116420	-1.177530759
101106233	1.573912441
443512	2.082391065
101120244	6.444660043
101110723	0.955175471
114117342	3.350978323
101117889	-2.107320927
101103928	-1.160491845
101109764	-2.115403892
101116907	-2.529839146
101110962	5.66923458
101112806	-1.587359956
114114762	2.10248795
101106623	1.973284161
101111781	2.70236354
100034672	4.496032645
101114773	-2.545905409
101104479	-2.56911486
443163	3.112776407
101121397	1.506583841
101109209	-2.829943295
101121038	6.523215094
101120495	5.17228584
443381	1.37133415
101113737	1.241254388
101116007	-3.555366098
101103367	3.694962362
101108042	-1.100502603
101108530	1.263650389
541606	1.376572487
101123485	2.439279383
101119975	1.474462082
101103290	2.75763421
101114639	1.335924552
101122202	2.074741741
101117352	3.517880281
101122533	2.200621368
114108708	-2.10399789
101107483	-1.655780464
101108733	-3.861814986
101120527	2.544513154
101107101	2.325673667
101103536	-1.157746256
101120570	3.696276489
105605854	-3.618502008
101114493	2.144828099
105606925	-1.684507513
105610361	1.264239856
100820737	3.611268496
101102183	1.484944675
101115805	1.948359408
101121978	1.119846084
101104895	1.509457765
101117380	4.230676968
101105464	1.069375406
101116807	1.728448148
101113644	0.970158932
443085	1.941020165
101119999	-1.209628917
101118766	2.171910499
101107777	1.871735776
494438	1.186177249
101102689	5.958916441
101118155	-1.35315715
443051	1.816654224
101103318	-1.429582047
101116024	-2.709400132
101116793	-4.361915323
114110265	3.120444432
101105245	0.873128963
101121558	2.926433809
101118694	1.102164956
101107744	3.085021107
100190978	3.135556422
105607437	7.58393968
100216434	-2.360228978
101114245	3.673051853
101115069	-3.305392008
114110481	-2.67274294
101113515	1.446228942
101103077	-2.200341755
101107114	1.097956635
101120423	1.616243582
101114241	1.222607116
101102951	1.456951209
101102433	-1.310266902
101117542	1.392259166
114108615	1.697080478
101119327	-1.314648063
101119271	1.904983716
101112674	-1.549617903
101109248	-5.352778619
101119464	1.175220487
105602801	-1.396962679
101117624	-1.649985125
101104350	1.965156285
101103308	3.160383867
101113711	2.04053625
101109357	2.101959757
101117513	1.350219665
101102716	-0.945910869
443074	-2.720647371
101105057	1.080250689
101119180	0.85081717
101120941	1.953928941
101106565	4.188435463
101102304	2.179280293
100305131	2.02878345
101110107	1.957500743
101107964	1.124356867
101102351	0.962441832
101107889	1.90529518
101108488	4.480211541
101107456	-2.089117766
101121625	0.933068459
114114763	2.080741025
100642179	2.422810977
101103798	1.487259329
101115707	-2.050344359
101108767	4.650884412
101102507	1.54728657
101102761	4.292604203
101120608	1.000845769
101110627	-4.72380159
101115373	1.325143394
101111038	-2.086702575
101117818	2.03080313
101121158	-2.295914063
101120758	2.121222757
101106320	0.987534812
101109704	-1.849981979
100174903	-2.134778083
101117052	0.94120212
101103544	-1.817523909
101122123	1.070330538
101114328	-1.370291373
101111384	0.968715912
101105028	1.073262452
101109393	3.850837386
554320	0.873501645
101107077	1.201099398
105604105	-1.236358503
101103613	1.673820764
101107127	-1.618208705
106991500	-2.386326228
101110057	-2.093338847
101114308	1.314324895
554329	1.649073586
101115552	2.490828255
101105162	-1.879475134
101108509	1.565722386
101109593	-1.568192569
100270711	1.106959354
101122713	1.533232772
105608279	-2.174554866
101106340	1.066264733
101114474	-1.709765959
443126	1.565839901
443444	3.544809027
101117190	0.862461892
101114114	-1.755859624
101112673	0.840962052
443140	2.232403937
101123174	0.955304011
101108587	2.517304565
101111107	0.90563498
101102495	-1.384626962
101117174	1.174018733
100307044	-1.034929125
100125611	1.357295888
114108861	-1.164707522
100415773	2.078821611
101109208	1.346348449
101115627	-1.886096172
101113456	-1.127147857
101105529	1.982598861
101104377	-2.064327056
101118477	1.515931494
101106034	2.49342692
101112675	1.934881822
101109288	1.144938625
101103724	8.105554713
101123635	1.291863171
100423047	2.401656751
101107968	0.853018885
101115614	2.147824365
443335	6.355027924
101113723	1.592174191
101119104	-3.002922916
101105804	1.212263546
101103837	1.760781673
101114485	-0.887273351
101107439	1.225243521
780443	1.03322304
101103359	3.822116628
105603471	-1.99173879
101113570	4.336404852
101104305	1.631365104
101107858	-3.160416827
443479	-1.429817592
101111137	4.620056129
101113697	3.400510425
101120426	-1.848553164
106990219	-3.241308242
100302303	1.312190979
101110333	-1.120700183
101120959	0.815139404
101122475	1.430306311
101121335	0.988118508
114110468	1.779626885
101106987	1.215624121
106991003	4.376108496
101119401	-5.090910241
114113858	-1.454588886
101120603	1.750137354
101116664	-2.33997939
101103353	1.286195651
101108440	1.100508534
101106830	1.582758167
101110694	2.671330023
114114475	-5.196927417
101120469	-1.275269262
101104701	1.119078005
101115134	0.752254437
101107388	1.024527442
114116619	-1.591850645
114108738	-2.151374404
443483	1.884253095
101121755	-2.705588781
101120689	-1.63088045
101106028	1.474686534
101123140	1.563072995
101111871	1.48908712
114113940	-2.0573106
101111606	1.226755929
101120518	3.136762824
101107922	-1.192924872
101116670	1.906823815
443273	2.174463706
105606344	-4.262022837
101112088	1.283067724
101105042	-1.500657939
101114410	3.534538312
101119285	-1.656129003
101113949	1.600989729
101111927	0.832189587
101106644	1.193570961
101121171	-1.705257916
100135445	1.029619809
100294605	2.60628327
101107217	-1.464661307
100310793	4.849445815
101112182	-2.014681729
101117775	0.93534755
100302552	0.972142667
100302313	1.999277236
101102475	1.69499962
101109076	2.093365686
101117980	1.506661787
101122517	4.989893964
100135692	1.462881058
101119319	-1.171411522
101121169	-1.235627895
101106186	0.96623757
114114806	4.226930171
101110347	-2.288863888
101112723	2.079989486
101115765	1.846732909
105603269	-2.797847451
101107568	2.203418395
101109745	-1.529512207
101104413	1.768488588
101123484	0.898170866
101107449	-2.578854595
114115365	-2.83523122
101106782	1.269262756
100381267	5.944819236
105604599	-1.609349702
101110090	-2.281421829
101111932	-2.218749722
101117691	3.001144405
101108246	0.891736478
101104344	1.60944791
101115275	-2.473558556
101117758	-1.371820422
101113658	-7.178600376
101123553	0.814100194
101105948	2.023537002
101119069	2.235375979
101109348	-2.298539995
106991816	-1.840267147
114112430	-4.500892786
101109715	-1.620617089
100037671	1.130640669
105603910	-2.770047377
100174904	-2.152890511
101107824	-1.875136637
101108723	1.155942576
101116605	-1.668734738
101107897	0.785029271
101110341	5.202093653
101106552	-1.741485326
101122026	-2.536074101
101103262	0.781765392
105603786	-2.330102738
100127217	3.242721733
101119337	0.937791762
101117375	1.283979018
101103563	0.90596882
101112732	1.852699886
101113262	-3.845229068
101119678	-4.634138621
101115360	1.037231643
101121110	2.812095169
101107416	1.126774325
443141	0.866712074
101117268	-1.191795271
100192428	-2.267342228
101118510	2.829967985
101114274	2.886369205
101102793	0.741646519
105610031	2.677982241
101112585	-1.515986757
101119017	-1.539570924
101115115	-3.66686521
101102276	-1.31615027
101113708	1.013131088
101109371	1.070776756
101122722	-1.090978083
101107247	-3.728862199
100820744	-2.3637168
100307048	1.34186799
101114735	-1.17617418
443518	0.829408953
101120989	2.665481962
101104485	1.561177913
101123651	-1.282406991
101122958	1.199257718
101107107	1.090688947
101112975	2.211346824
101105588	0.822038561
101120976	0.833970642
101104163	2.476719384
101116936	-1.913142854
105615264	-2.370996971
101112046	4.168055718
101118393	0.948928872
101114759	0.883754713
101109091	0.970858162
101105594	-1.924132231
101108532	1.421218304
101122671	1.226755352
105603042	-1.116550334
101118196	-2.591258925
105609492	4.080253806
101108734	0.867801693
101117499	1.381378452
101108407	-1.090453555
101123556	1.405295227
101103590	0.831138275
101115643	-2.249823082
105603997	2.345551882
101110778	-5.003318893
101117382	1.804200205
101108953	1.564504015
101111581	-2.098169005
101112321	1.063474637
780457	1.442905182
101109272	2.982552229
100216462	2.27097852
101117574	1.19078151
106990587	-4.564250421
101118911	0.885909057
101110092	-1.58777401
105607140	-2.572383042
101121418	1.470920356
101114869	-1.333429411
101105858	-3.399874603
101111321	1.602737093
101119848	3.090760602
114113054	4.407520083
654334	1.300201236
101110819	1.472236023
101111082	-4.683863571
101113218	0.940805403
101111544	-0.932860665
101116802	0.895837561
101109648	1.097228409
100302555	0.837390713
101113896	-0.823259461
101121323	-1.459517561
101107312	-1.091293178
101114332	-2.794764819
101121833	-1.412915915
494432	0.927098819
101113882	1.53744398
101113204	1.069273842
101103674	-1.876247644
101116012	1.071446371
101116121	-1.287259449
114117869	1.928763557
101103059	1.633146717
101114679	2.031464235
101103564	1.425939105
101111258	0.705866454
101112109	-1.349977552
101109723	-1.597856781
101119359	1.342498158
101112808	-1.185066818
100147800	-1.550249103
100169934	-0.924919909
101109305	1.706642048
101105644	1.803850208
114110832	1.25118854
101112473	1.207685438
101123041	-1.605081921
101109277	-1.230866504
101112388	1.156403276
101118747	1.356513804
101112362	0.847495749
106990809	-1.526082324
105610030	2.346407429
101122929	-1.474830444
114114536	-1.721891155
101107740	-1.522998755
101123510	-1.611626125
101111179	2.460646201
101110685	1.009656603
100294659	1.506406499
105606599	-2.088308053
101114127	-0.975922549
101107677	0.958815203
105614839	-3.087189037
101117184	5.274846014
101116448	-0.924737449
554333	-1.456385854
105602884	-3.566151239
443157	4.379852469
100500781	-1.417793148
100302064	0.785435955
101117761	1.424895396
101114115	0.718227728
101120347	-2.896073171
101104034	-1.58477347
101109162	2.132689428
101108886	-2.711076915
101120724	-1.166675299
101103558	0.926967248
101104590	1.248494756
101123241	-2.47020903
101102385	1.098682609
101122064	0.827904389
101116894	-2.249889432
101113762	-0.963917537
101110604	-2.857971352
101118071	0.846870058
105603900	4.634581071
101118096	-2.533173765
101103890	-1.36637958
101106432	-0.794480355
101106285	-2.739779907
101110019	0.909491675
101106511	1.104432052
101117955	3.124322282
101103016	-2.45678005
105615614	1.049206911
101115313	1.221714131
101122442	-1.251259542
101104752	-1.63363466
101103804	1.43094962
101117639	-1.937837959
101123605	1.906729888
101114309	0.849819887
101114239	1.536447459
100307043	-2.769122441
100913167	-2.170374086
101110817	1.205825728
101102300	-1.651329007
101123232	0.854401495
101116072	1.195186631
101111757	1.903147521
114116626	1.901526244
101122314	-3.651136491
101102864	0.761513828
101110040	-1.240638151
101115815	-0.929467801
114110670	1.521924839
101108821	-0.977771067
105616619	-2.289722362
105613214	-2.887050143
100192430	-0.957954448
101115840	-1.313721791
101104022	-1.527299864
101111623	1.061144919
101115919	2.745522791
101118986	3.170080003
101103762	1.257794131
101118982	1.378944479
101120808	-1.338626915
443089	2.024520754
101113759	-4.042645921
105610620	-2.130463091
100127208	-1.139791677
101122654	-1.099127717
101102089	-1.742161535
101104075	-1.473855973
101109533	1.915413584
101109460	1.019404786
114114999	-2.105411432
101115072	-1.500757913
101116841	-3.130608384
101102993	1.165060004
101116444	-0.779591529
101115611	-0.912703102
101104900	1.388239644
101113233	0.843937434
101114579	-1.526806225
105605487	-0.888639312
101117554	3.181638392
114116930	-2.402520053
101108712	-0.87499418
101115862	-1.836053996
100217409	1.494647775
101102316	1.93012882
101104083	-2.635206725
101122555	-1.352647112
101120791	0.713036497
101112268	1.430629881
114112545	4.347400952
101104352	1.706806847
101123327	-0.964146442
101108384	0.793362726
101111515	-1.986163735
100302304	0.915479579
101116901	1.064153685
443250	2.313887351
105612764	4.623861605
101106537	1.396184231
101110089	3.716646243
101111380	-2.018924284
101104335	1.246319406
101113484	3.534663396
101123332	-2.050234344
101103115	-0.863109322
101111428	1.400807143
101120749	1.730760897
101109470	-0.859586632
101119838	0.902320682
101115982	-1.68840122
101113988	0.851224262
101110813	-1.42461789
101113056	-1.584856977
101106699	-1.077832503
114110120	-2.034523153
101111009	0.570628096
101104604	0.7698882
101107057	1.351216314
101109526	-1.16917942
101118234	3.514283992
101102897	-2.264099845
101110165	0.61048059
101118159	-2.83922743
114111500	-2.652149664
101104233	-0.987209728
100294595	2.755519957
101106812	0.901328727
101107048	1.468921518
101114874	-1.069852854
101111033	1.030538902
101108850	-2.150100712
101121152	-1.996870483
443192	-2.440607858
101103276	1.172809062
101114606	0.827041266
101106360	2.009708408
101115654	2.867743416
101120002	4.881051443
101113985	-1.004110044
105610309	-1.489568487
101115830	2.916152225
101117295	-2.023903599
101103355	3.1920454
101115142	1.735759893
101105210	-2.48837773
101119314	1.154189991
101110191	-1.19549162
101112965	0.704963021
101105944	-1.75129801
101116804	1.262360852
101110117	-1.384183512
101109945	1.555047707
101118423	-1.179371252
101118550	1.876172492
101122986	0.959824818
101113829	2.394264014
101120732	-4.516099936
114111650	2.738020281
105607675	1.919120777
101107588	-4.907055945
101102245	1.694314426
101102320	0.974277203
114114521	-2.104485509
101115630	-1.783082943
101118140	1.277091812
101121773	-4.765800696
101106885	1.584873157
114113956	2.391356345
101112915	0.951091435
101105527	-4.348702469
101107535	0.775783088
101112025	-1.104627718
105604496	3.074343625
101116384	1.21016829
101106545	1.332476746
101120090	-3.433420074
101111375	-3.258930666
101111840	0.675665433
101113764	2.346136411
101106116	-3.227615437
105605573	-1.479604502
101111222	-3.013314181
114115652	7.75732501
101116876	3.111873333
101121899	-1.222319214
101104737	-1.20030666
101103174	-1.46736995
101112633	1.338407542
101108323	-1.380337675
101109650	-0.898873227
101121054	1.51664709
101111705	1.378327696
101103324	1.18565383
101114931	1.145776765
101102052	3.271365774
100528012	0.985416158
101109816	-2.064196399
101114027	2.10944184
100271659	0.955270453
101114145	1.006110209
101115165	-1.982373918
101116191	-1.622497057
100307046	0.751177842
101120979	-3.336371882
101111255	-1.295457029
101107657	-0.903564929
101111597	-0.95711395
101123372	2.459711152
101105923	1.901740205
101111075	0.964616676
101105778	1.103717969
101115920	-1.414189148
101115826	-2.310180145
101102470	0.810504448
114117969	1.973746729
101105577	-1.417356316
101111161	-1.118050414
101121370	-0.901012683
101107841	-3.2609215
101111070	0.98370989
101112455	-2.018925858
105613386	-2.72217349
101106005	-1.06603096
101116079	-1.357018408
101123490	-1.786949605
101103125	0.84656517
105609280	-2.465117804
101118487	2.136074921
101117608	0.755470046
101113976	1.820788797
101103047	-0.855347051
101116587	-3.728289244
101111442	2.352093149
101111724	-1.324601819
101104839	-1.059116351
101112408	1.054995031
101104181	0.724245829
101111855	-0.663711463
101108933	0.816749934
101104306	1.779557203
101120456	1.398734487
101112220	1.33051878
101108431	1.822827177
101112262	0.566581679
101108001	-1.673934445
101118013	-1.919014083
101119665	-1.390268144
101107046	-1.736672117
101102792	0.609994175
101107377	1.883333304
101111044	1.856567014
100048991	-3.374948409
101113630	-1.339330078
105611015	-2.594573056
101108508	-1.893620701
443063	1.560609163
101115370	0.882671681
101121718	1.510010815
101111731	1.703443546
101115521	1.451495144
101118540	-2.803139516
114113857	-1.369839926
114115629	2.582383859
101121023	-1.406012302
101120307	1.252416261
101117209	0.857932989
101121289	-1.275123449
101111761	-3.540743968
101115125	-1.55570086
101116947	2.613290108
101114229	0.908920272
101103204	1.055449856
101114625	0.670968186
101106661	-1.181562853
101123145	-1.226049813
101103490	-1.523905584
100145875	1.986969655
101122581	-1.36061369
101103552	0.74970115
101116722	-1.142797014
101122152	-1.458818873
100145861	0.644580522
101103584	-2.4508386
105614720	-1.656338594
101118881	-0.869580426
101108139	-0.640601393
101103930	-1.652800845
114108779	1.382369422
101103998	-1.991843528
101112064	1.458860597
101111733	-1.285938211
101107105	0.808063251
101110211	-1.284496514
101118337	2.543437149
101121738	0.804249064
101114818	-0.929352343
101117447	-4.606920477
101118558	-3.724357854
101110591	1.221935864
101105541	1.189513878
101107055	0.619295644
100302067	0.663095408
101120302	-1.756305214
101109411	-0.978388263
101118565	1.797544238
101122758	0.707952461
101120252	-0.687261442
101122315	-3.283261877
101116033	0.870859302
101110763	-1.174177128
101121881	-0.868933181
101116569	-1.390756006
101122149	-0.77809222
101118671	1.599164727
101103598	0.999681645
101112972	0.910366951
101112576	-1.001166297
101108335	1.178518268
101105789	1.156666874
101118777	-1.4448156
105612104	-1.606953192
101116615	0.832120982
101117488	-1.862179429
101113891	-3.904517463
101114868	0.756978582
101115343	-2.155343818
114115633	-2.150595311
101112021	-1.641826904
105616533	-2.591327808
101120620	0.870338653
101116414	1.458720954
101105676	-3.156498793
101107299	-0.932930634
101120033	0.900991456
101109163	0.870724667
101119213	-0.92711894
101116625	1.227735519
443045	1.179601823
105606890	2.370978337
101123584	-1.10115552
101106381	0.742124657
101106266	3.03281083
105603282	-1.24008809
101123377	0.819934758
101112006	-1.616748063
101119158	1.65363974
101104626	-2.295596194
101112841	-3.765501137
101119061	0.897242366
443308	1.201213997
101117755	0.886916148
101107489	0.946651579
114110279	1.112671097
105602763	-1.626362503
101106863	-1.335844017
101102025	0.959109832
101108015	-1.113807781
105608446	-1.952630728
101107953	3.440143388
443305	1.928334752
101119505	-3.336813621
101105363	1.648882988
443544	-1.43707097
105606002	-1.219167561
101108718	2.090593191
101121189	0.782696081
101106601	1.791610009
101117946	-3.734836678
101119946	-0.65434652
101102501	1.242229359
114108625	-2.801233583
101115715	-0.998148261
101111411	2.815496743
101102136	1.429039852
101104487	-0.888389329
105606089	-1.657691112
101115599	-1.452480372
101112600	-1.472260405
101118802	-1.071994792
101120021	1.814378895
101119093	1.461970419
101103349	-1.133399391
101115776	0.964419518
101121651	0.876413635
101120102	-0.957963112
101109551	0.546994427
101101880	1.138315714
101111336	-1.367620218
101116624	1.036951624
101115082	1.128003818
443513	-1.704826204
101113156	2.360745782
101122609	0.711930623
114109660	-3.441589973
443451	0.726386446
100048993	1.120515912
105601941	1.278867394
105615773	-1.279141695
105601858	1.351961254
101109216	-1.242674529
101117833	-1.031221455
101105108	1.671124093
101105779	0.856260375
101104619	4.622514008
443452	1.988641874
101121179	-0.686273003
101120958	-2.717579788
101117601	-0.864382073
100158235	1.659168823
443286	1.353994546
101115017	1.603499099
114118890	-3.775591693
101112103	-1.299335354
101114505	-1.76618862
101117123	-1.50152938
114113689	-3.34023671
101115026	-2.449307972
101106288	-1.231141965
101114825	0.740979742
101122709	-0.949664655
101110463	-2.14932757
114118092	2.723383375
101104588	-1.061120423
101108469	0.856465228
101104442	1.483973017
101110415	4.899057988
101103905	1.826586997
101109674	0.82317231
101111156	0.60530406
105603869	1.224278788
101115465	1.144511366
101115317	1.939429922
101107698	1.078106608
101117854	-1.236637163
101105337	-1.601572364
101115686	0.780993927
101115800	1.266541771
101123418	1.114328494
101109828	-2.103857983
780454	0.968763046
101119558	1.090437275
101109546	0.949218408
101106279	-0.637405595
105601985	-1.578561452
101110421	1.015246498
101101941	-0.889481787
101103814	0.892386775
101105767	-0.907183428
101112625	-1.280355401
101102701	0.904303167
114116681	-2.442908681
101103496	-1.713272313
101105193	-2.370471714
101119578	1.158172887
101119091	0.891547628
101106429	1.846271889
101113507	0.827759565
101114880	-1.24925761
101111470	-0.929668899
101113549	1.247952585
101122119	-2.008050017
101103348	-2.294611153
101102782	1.142896911
101113341	2.21584876
101113537	-2.087308618
101114752	-1.036131314
101111626	-1.026023658
101116487	2.054692276
101117860	1.899189291
101103008	0.839706559
101113530	1.739266631
101111284	1.762408228
101123513	0.927904921
101114307	1.148833875
114114836	-1.773101669
494441	1.402569439
101113836	1.647367355
101107022	0.776420359
101108764	2.514815795
101112287	-2.334255159
101108206	1.404353316
101103054	2.143357048
101101898	0.730150978
102099064	2.414547849
101106554	1.503832407
101101977	1.318884262
101115905	-2.201705799
114114909	0.887111297
101115548	0.963580204
101103572	-0.90439015
101103793	1.710209424
101105220	0.852183367
106990433	1.028307857
101110163	0.72911432
101113317	-0.793955345
105608442	-1.750559982
100302339	-2.433571835
101104179	-5.595874782
101111700	-1.057755134
101116128	-2.764136631
101120942	-1.670291428
101110581	-0.855121387
101116934	-2.242336377
101120388	0.642023473
678676	0.659950853
101120679	-0.936439194
101113641	7.501435641
101119755	-0.953385494
101104821	1.469477133
101109620	0.770256423
101104587	1.239469949
101118224	2.660979315
101122455	0.496310855
101114574	-1.494826848
114113062	1.885541899
101104160	0.915333556
101122697	-0.980102711
114113971	-1.077981842
101120452	-1.369749593
101104566	0.891993938
101121051	0.969919407
101114765	0.905867059
101107353	-1.352397458
101113590	1.577761903
101106911	1.750303825
101118334	1.231370217
101112113	-0.952399697
101105084	1.095349117
101121280	1.322256592
101107491	0.817953987
101117549	0.690974447
101115297	-1.079746718
101120532	0.899706535
101120391	1.786244749
101122242	-1.147512235
101105429	-1.122668459
101120170	0.674625412
101120784	0.636295222
101117042	1.184783037
101122883	0.932804542
101111257	-1.082801021
101123285	-0.862486019
101117103	1.469919958
101102267	-2.545608946
101112282	-0.963552339
101103193	0.832605909
101113149	1.150746672
101105938	0.978322751
101114633	1.088784628
101121638	2.010753872
101117930	1.321085129
101112788	1.073475868
101120491	0.935971627
101109033	1.040284983
101115646	2.502781828
101121014	0.83139025
101108923	-1.094997052
443427	5.464358882
101121312	1.054019116
100302078	0.638547245
101102430	2.654070428
101110639	-1.536595296
100135438	1.014600801
101107769	1.82517293
101107831	-2.93214978
101109234	0.774482393
101110430	-2.22140603
101114306	1.164373689
101107070	-1.827994542
101107141	-2.578184916
101105580	-5.13426974
101108553	-1.123977024
101110768	1.004710654
101120812	1.203241975
443062	0.969641321
105603529	-1.941177246
101108975	-1.872254976
101102457	-0.661915326
114118232	1.343921412
101112550	0.631132396
114116870	2.044825058
101121697	-1.197343024
101116204	1.786680004
100037686	0.68119436
101114314	-2.880263425
101107150	0.918077672
101102606	-1.21488202
443088	0.910237799
101111728	-1.128111568
101109323	-1.119988674
101110783	-1.478444051
101121655	-1.440326937
101105679	-0.767355198
106991621	1.858388812
101122084	-2.944687796
101103565	0.828471704
101106897	-1.257777944
101115001	1.70332438
101102861	1.257090968
101106213	-0.668184411
101117651	-3.540507742
101107683	-5.331878318
101107646	-1.255893003
101110393	-1.917927001
101110190	0.91199474
101106343	1.199901233
101112759	-0.771401939
101110518	0.726183692
105613553	-0.959544681
101103583	1.120598473
101105249	-2.221549684
105605702	1.051986099
101110960	-1.281037434
101118990	-2.67750503
101102483	0.734064756
101110455	-1.333876822
101107087	-2.002753972
101118101	-0.744865213
105601873	1.177790215
101120651	-2.079688386
101120146	0.704373511
101118936	2.063743029
101117786	1.176383238
101103139	0.841419673
106991367	-1.158799087
101122182	1.062937764
101105909	0.993921464
101113519	-1.688951527
101109215	-1.257815327
100192315	1.06878527
101109137	-0.967560534
101116599	1.316541487
105607318	-5.793464258
101106534	1.78026107
101123542	0.99951424
101118806	-2.763087038
101115601	-2.341568423
101108314	1.280072459
101113542	1.388388278
780482	-1.308331488
105603235	-0.859878578
101111862	1.290690277
101121866	-1.541402943
101118547	1.271824194
101103535	1.266291275
101115764	-0.688824692
101122735	0.653517275
114111683	-0.884549094
100145862	-0.640521813
101103609	1.612813087
101104535	-0.963328769
101112348	2.481823584
101102010	-1.005834448
101112527	-4.822580514
105610628	-3.08888268
101110161	-2.944431616
101123312	-1.134557876
101107662	2.950797286
114109063	1.583079368
114114495	-1.654567983
101102849	0.92796334
101110315	0.648305166
101122460	0.819648996
101113899	0.871601178
101107095	-1.114795986
101120715	-1.371669221
101113813	0.87977599
101106743	0.893795378
101107401	-1.659128482
114116361	1.825667503
101122683	4.225228804
101109714	-2.753981429
101122740	-1.088573009
101123640	1.130487806
101115379	-1.739919674
443439	1.09159874
101117835	1.091181684
101102072	0.967974056
101121995	1.432407817
101111103	-2.193702764
114116389	-1.884317829
100302501	1.315173309
101115930	-3.817444712
101114856	-1.684716462
101111975	0.945527246
101114037	-0.926674722
100820743	-1.613933618
101104715	0.79199716
101115193	1.065207143
101109937	-1.47768206
101109503	-2.640550763
101108981	-1.08901789
101116091	5.407925346
101116556	-0.798597534
101114875	-1.085158069
101110465	3.468048307
100307038	-1.316415939
101113705	-1.801496667
105608579	-2.185816661
101107269	1.182212036
101101908	-1.089473788
101119420	0.640344751
101116819	-0.638587344
101110180	3.624960089
101113214	-1.269514426
105611720	-1.433314339
101118947	-1.906082654
101112310	1.272205704
101119556	-0.675088493
101118997	0.803300244
101120152	0.610055795
100846985	-0.671143461
105608245	-1.181732322
101113485	1.592019354
101104760	-1.47095191
101112800	-1.548407384
101105300	-4.49136821
101116854	-1.009067117
101108456	-0.839174372
101123517	0.790927097
101115323	1.077291064
100188913	0.557897666
101108491	-0.941150258
101108409	-1.700349612
101114460	0.688486586
101116694	-0.635132174
101112980	0.923392678
101103122	-2.499854601
101110653	1.021865806
101112484	-0.814499109
105601860	-0.584969177
101105615	-1.128703749
101113026	1.740928952
101104033	1.11848717
101110423	0.752458477
101110535	-1.192194589
101121206	-1.443382757
105604619	-1.113285864
101109887	0.775264684
101117211	0.862700176
101106839	1.019626173
101115479	-1.239352116
101105711	1.079077334
101113897	1.032816917
106990092	1.852831457
101123051	1.566318863
100462658	-6.458599759
101111207	-1.321764012
101112877	2.299774559
101121760	0.866472769
101112346	0.964721001
101120207	-1.917363854
101116785	1.050903674
101121405	0.64693491
101108119	1.007068037
101109421	-0.978895985
101112799	-0.964594525
101115978	1.324079521
101122798	-1.014123084
101106421	1.46798943
101113842	-1.234980487
100885762	1.527187978
101108864	1.386265655
101115253	-2.42988285
101103166	-0.588808641
105607598	1.836808477
443135	3.018973014
101106560	-1.098669709
100233239	-0.90592268
101105605	-2.003570538
101122526	0.924637894
101115070	1.564700768
114113739	2.674012865
101120267	-1.297557361
101107710	-1.351653839
101119567	0.622469702
101116572	1.003865552
101118330	0.936407581
101115762	1.195003688
101102809	0.599055795
101120685	-2.097509613
101117422	1.593390596
101111898	-0.844316585
101115401	0.709648216
105607860	-1.876379359
105611550	-0.933649108
105602964	-1.726130588
101105472	0.505751159
101111060	2.124932467
101117094	2.050689285
101110493	-1.197800878
101118358	1.811733498
101112523	0.61064855
101115780	1.262548761
101108761	1.159790461
101112110	0.564034649
101107916	1.150171292
101117741	0.534410253
493773	3.445427419
101107140	-2.790839543
101104576	-1.360009417
101116010	-2.773807235
101112138	0.613319714
101104204	-1.25709389
100500777	0.802483242
554261	-1.226770893
780519	-0.969197062
101105417	2.8386752
105604888	-1.76893077
101119354	-0.653498477
101108631	-0.735911612
101108403	-1.572694977
101106822	-1.499696644
101111443	1.599028248
101118626	0.889888364
101103941	1.309800031
101101860	-1.292298392
101119669	0.647804919
101104355	0.652723618
101118814	0.959428643
101110749	0.603913746
101105242	0.75020027
101102155	1.236317267
101102073	2.18384673
101107808	-1.07305856
101115877	3.089665903
101120283	1.076606601
101102373	0.914233008
101111683	1.183896459
101122979	1.343966214
101109748	1.677242445
101118353	1.001037106
101107798	0.786693258
101105718	0.561859357
101105381	-0.829360078
101110918	-0.767289191
101112042	0.710043758
101123350	0.751074717
101120766	1.373005187
101120016	-1.549868716
101117152	-2.267914763
100505405	0.793298071
101116247	0.984806856
100137069	1.454315146
101122294	2.071912738
443299	-2.334022976
101121828	1.563331802
101111450	1.186989001
101115211	1.196242794
101107516	2.355700117
114108727	-2.722464823
101106591	0.661379681
101103001	-0.838225561
101111649	2.25223038
105602321	2.113649173
101114529	0.97270754
101121769	-0.952228273
114110135	-1.564965665
101109809	1.160433257
101111800	1.294565603
106991843	1.098635431
101110985	0.724135503
101118007	0.86756727
101103485	2.227680545
114110060	-6.276898838
106990099	0.559402211
101121392	2.598250697
106991991	-1.424895153
101109794	1.366423736
114110805	-1.565655032
114117356	1.874429477
101107775	0.894096415
101111260	1.690187607
101108247	-1.147896134
101105928	1.501276804
101111585	-0.86562161
101108351	0.703315729
654404	1.164565276
101104593	1.141410033
100885768	1.688260694
114115290	-2.274545564
114114119	-1.591443511
114114497	4.809440446
101113589	1.175765806
101119990	-0.582486036
101107947	-4.421140374
443066	2.130826178
101103854	-1.406485818
101103397	0.583658155
101111396	-3.07037912
114116464	-7.07506218
114108638	-5.686622629
101114342	-0.752296847
101112873	-1.844577799
101107068	1.11988051
101109444	0.837059021
101104107	1.107535022
101122503	-0.903425646
101110414	-2.335347959
101122632	1.062449232
101113806	-0.591096569
101102337	0.868001903
101109058	-3.237350707
101117759	-1.750218415
101103901	-1.938625001
101118300	0.726124439
101112521	1.160931704
101108523	-0.76026471
101107578	0.614112894
101111814	0.706648999
101106771	0.55943238
101110689	-0.85385849
101123313	0.619893234
101105716	0.842740299
114113995	2.218961091
100422799	-1.777233162
443446	-0.960306727
101105143	1.056401138
101109414	0.848975298
443213	3.062427013
101118536	-2.383947302
101118105	0.833171997
114111207	1.39851219
101108178	0.841556465
101121436	-2.532279489
101119885	-1.822759688
101105694	-1.972723485
101119193	0.713977075
101119992	-2.534581943
101109544	-1.572767172
101121296	-2.53185331
101108467	2.247618375
101107494	-1.099146242
101108244	0.861900673
101110467	1.069250965
101116564	-2.438030438
101120138	-1.088407594
105616742	0.828335307
101123054	-1.558641651
101120114	4.902439434
101123126	-0.608878457
101115598	-2.824470901
101121868	2.378267724
101113847	-1.627473594
101113945	0.642929169
101123576	-3.151647594
105606593	-2.680588299
100048994	1.824647089
101117884	-1.291588856
101111125	-0.516267517
101109046	-0.781121121
101121070	1.171716259
101116489	0.648349896
101104048	0.788079497
101122259	0.701251013
101101863	-0.761962644
101122245	0.80257772
114108621	-0.461157194
101106476	0.86977386
105616290	-2.550946983
101120343	-0.861908557
101104162	-1.146331662
101111614	0.853459956
101102559	-1.473503854
101107672	1.468798861
101115533	0.845313905
101118720	-1.507016835
101120571	-0.88645314
101111244	0.595636891
114116381	-1.610721123
100302099	0.915981129
101111551	-1.093670994
101117336	0.554399464
100307039	0.995623387
101104366	0.672414126
101106401	1.112273673
677670	-1.173782466
101112421	0.638250394
101114384	0.819151975
101106425	-1.084161778
101106495	0.588832445
101111622	0.715027384
101123423	-0.963094906
101120555	0.646319433
101120623	0.984690577
105611838	0.551306748
100170319	-2.444650812
768095	-1.985873522
114108643	2.518306128
101119156	-1.494223373
101113622	-1.234385922
114108778	0.482024267
101123215	-0.922867444
105601868	0.767713077
100037675	0.459526448
101115717	6.876754826
101110853	0.476132948
105603615	-2.221787284
101122299	0.523268901
101111909	0.676416755
101122564	-1.422925784
105611014	-1.961017541
101108705	-1.733279934
101119101	1.040326702
101114882	-1.004569772
101118373	-1.152528476
101102400	2.14896429
101112724	0.939226927
101106185	0.85371514
101119095	0.779766256
101123398	0.772665967
100174988	-0.930178377
101107368	1.199373017
101112864	0.546733154
101113380	0.867306581
101113511	0.908537921
114116088	1.741470787
105603415	0.91949289
101116082	-3.3933015
101102269	-2.003720059
101102003	-0.858744275
101116949	0.781151032
101111978	-1.2777103
101112338	1.382296046
101106648	-0.957958624
780464	0.53004372
114115312	0.836369891
101119402	-2.354803441
654332	0.859303917
101113863	0.932375684
101109832	1.243609116
101110018	-1.287846174
101112561	2.690731049
101106768	-0.79838838
101103642	0.579425023
101118587	1.07941027
101103644	-4.653410618
106990949	1.797437482
101104239	1.681185248
101113686	-0.972837539
101118419	-1.335462737
114113616	-4.08253523
101116399	0.664522015
105612806	-1.537905643
101112792	0.862889426
101108098	2.312145947
114109334	-3.654174279
101109057	1.489443556
101122001	-1.349253807
101113002	-2.769171926
101107838	-1.732955586
101117829	0.700970863
101110772	1.16581111
105602111	0.782747942
101107061	0.732362565
101114184	-0.831132856
101105645	-1.231715419
101103811	-2.347541789
114112944	-1.243087181
101123319	-2.407578161
101106569	1.964616851
101119787	-1.002112471
443228	-0.946096636
114110434	-3.49298444
101116852	1.499693666
101119685	-0.729722366
101110512	-1.443193015
101123160	0.778442348
101120396	1.053461574
101105377	-1.138702025
101108688	-1.339333836
101122940	2.200844504
114118465	-1.04401827
101117476	-1.701023459
101108195	2.336089751
101110067	1.367837763
101117965	0.605190098
114108616	-2.285715396
101102387	1.077347331
101108571	1.510149374
101110330	0.773589589
100137071	0.846126875
101107063	1.196412933
114116115	-7.511640905
101118437	1.807552015
101117595	1.539581458
101103162	0.702939689
101108116	-3.163262375
101117141	0.901662554
101120836	-0.804909246
101105318	0.808155314
101109953	-0.97452458
101119264	0.580146891
114110282	1.937748714
101114506	-2.552588421
101103925	-1.123897009
101122984	-2.694704176
101108386	-0.842693981
101119870	7.208499082
101114131	1.125048803
101118541	-1.091119842
101109846	0.979763755
101122645	-1.454971327
443238	-2.597607664
101111020	-2.446608459
101110818	0.8923431
101104227	0.800261016
101123392	0.976597118
114115369	-3.384550818
100216328	-3.974914178
101122941	1.115653582
101109364	0.982256021
101115156	-2.039394137
101122767	0.611535136
106991623	-2.582067549
101108755	-0.528827451
101121731	0.801170685
101121480	-0.635048483
101103789	0.745349431
101105589	0.984921143
101102429	0.835310327
101111656	-1.462357772
101118190	-1.21292974
101103956	-1.000704323
101114675	-0.619844332
101110262	1.664021271
101103652	-1.744026877
101105683	-1.07933742
101107753	1.049186453
105608309	-1.512696097
101111563	0.958530088
101103683	-1.153270479
101115116	-0.581696257
101108671	0.887976604
100302548	0.801164207
101112171	0.613063321
101108772	0.768866212
101116847	0.613758272
114117561	-1.303046833
101109623	0.826082232
101114530	0.542089692
101114833	-3.474212301
101121744	-0.829962763
101108012	1.483542979
101116264	0.563626549
101111633	0.827620175
101117263	0.690083013
101106075	-1.214823645
100188916	0.596829679
101101945	0.81880071
101104185	-0.876176227
114110424	2.516303203
101104068	0.840478832
101123417	4.590194834
101110186	0.759346698
101122030	-1.195424228
101104225	0.670938922
101103356	-1.249193731
101123224	-0.669806931
101115258	-0.693635414
101102346	-0.87515871
101105073	1.17887572
101114871	1.268531762
101112518	1.146234997
101118588	-1.00979802
114108840	-1.760262126
105603234	-4.135710616
101111783	0.989787507
101122997	2.674431905
101115013	-2.700724481
114113902	1.969254492
101108560	-1.616268455
101115118	-1.659338935
101110679	0.876517782
101103622	1.65486164
101121534	0.743538548
101111451	-1.391966547
101121000	1.27800643
101121885	-0.735710039
101121148	0.813955558
101110380	-2.123451062
101120214	-0.975322108
101108890	-1.65023576
101120250	2.25545987
101102203	-0.933668804
101105030	0.66805335
105607800	-2.033012614
101109168	0.655148043
101119390	0.708517696
101110322	-3.147552461
100137068	-2.371549624
101117839	-0.80832066
101117588	0.556841831
101109468	0.972803881
114114923	-3.542705778
101112424	0.836482238
101110724	1.136262744
105602098	-2.438601885
101116687	-1.204704477
101122380	-2.6930402
105611786	-2.201471982
443351	0.508644403
101119467	-1.190633
101117602	1.719528822
101122939	2.813456565
101121353	0.711085762
101111844	1.032784563
101108354	1.704685895
101115347	1.213582363
101110385	-0.90463588
101106189	-1.023597779
114110642	-0.653945903
101117658	-7.447565041
101104846	0.819448983
101105901	0.936255316
101111042	0.600336077
101108370	0.557727591
101119269	0.680612515
101104187	1.452559395
105611619	-0.842388831
101117194	0.900848421
101119968	1.703302098
114114489	5.923504638
100272002	1.281150882
101110118	0.669136148
101121563	-1.277604861
101114636	-0.836599188
101118736	1.492820657
105608416	-0.99061307
101104544	-2.036154897
101112319	0.542469528
114113922	0.834954056
101110708	1.091153689
101108960	-6.848597019
101102114	-1.275980863
101107403	-1.713508566
101110299	0.639687789
101104477	0.933187754
101123048	-1.562699182
114118763	-1.326531463
101112104	0.561211592
101106579	0.965678773
101112234	-2.239743893
101109056	0.987887147
101117905	0.753123991
101107176	0.971304345
101112746	-1.250056457
101115078	3.121925867
101105708	0.548110775
114110944	-1.696236951
101122347	0.73411069
101109066	0.699490791
101121240	3.561834361
101112564	1.679158312
100302554	1.544876276
101121009	0.677716411
101106238	-1.941069527
101118160	-1.399047692
101113311	-1.137492763
101122852	-2.789727974
101109808	0.619882534
101103704	1.368828345
101102637	-1.194139656
101110698	1.386996331
101112173	-2.145047737
101107490	1.404419913
105604507	-1.929534107
101119783	-0.579950671
100337686	-6.109691995
101101993	0.84697949
100620048	1.075909944
101121671	-0.56842018
105607844	-2.93882641
101107622	0.951947409
101109507	0.666740136
101104245	-0.756657844
101118045	-0.804383631
101109086	-1.376242961
101105512	-0.81498091
101112978	-0.648265949
101112736	0.843067096
101104843	0.472927221
101120155	1.266511634
101122520	0.516899705
101123247	1.244143612
101104730	0.503088111
101115286	-0.73817393
101104259	-0.595736839
100272215	-3.478809014
101115044	-2.863269055
101114650	-2.014839056
101106406	-0.767073496
101110580	1.252647962
101113603	0.66583215
443122	1.590203702
101117451	-1.525338763
101106095	1.263667684
101111816	0.538696898
101105403	0.491602398
101109920	-0.616290317
101102511	-3.975623061
101112765	1.091993092
101107390	2.093051015
101103416	-1.020145434
101104207	1.153955542
101107923	-1.790191127
101108694	1.335731513
105603547	0.932203324
101108702	-1.042068118
101109381	-0.878973235
101112475	3.319266432
114114907	-0.969350517
101113666	1.745458133
101123639	-1.027081955
101122734	1.322552183
101122741	1.177991109
101119246	-0.905325442
101110987	3.250257566
101116565	0.960405044
105615721	-2.215707154
114110058	0.853541538
101109793	1.430332266
101113709	0.705654835
101115836	-1.173840064
101110143	-0.665309344
101117483	-1.287878849
101102458	-1.425395734
101106600	1.113175772
101111138	2.151993189
100302348	-0.905126377
101102642	-1.27819871
101113702	-0.972884304
101114060	0.547822928
101107564	2.117892513
101101879	-1.414934768
101120237	-1.083441208
105607736	1.361815509
101116825	1.030668548
114110571	-0.720501569
101113201	-0.702958228
101122413	0.902207521
101110924	0.814583446
101104751	-0.801329913
101110072	0.417834132
101104106	-5.750077127
101102920	1.375823471
101102884	-1.310563291
101120344	0.757386698
101112051	-1.378751037
114117274	-1.212806629
101120180	-0.969373922
101111129	-0.993192788
101110290	1.263495046
101119851	-0.640029358
101117085	-1.338240466
101118651	-0.91612981
101118681	-1.155933837
101118441	-5.694071307
101105398	0.851468446
101106701	0.713223176
101116684	3.271353859
105603599	-2.390713062
101117421	0.475115183
101123395	-0.823869029
101111575	0.890472861
101102867	0.58476486
101123627	3.298321786
101112074	0.762491737
101112710	-0.84397713
100135689	1.168975948
443519	1.764130727
101118413	0.630275633
101121932	0.953587305
101105438	0.67461783
101117545	-0.793589204
101115334	0.966328596
101103546	-0.744100703
101102869	-1.590585607
101109680	0.550599733
101114945	1.350981396
101109536	1.156954688
101106188	-3.781045167
101109164	-1.519791246
101110801	0.653831945
101103637	0.655071008
114115281	0.993988833
114117264	0.974835958
101102095	0.691480927
101111673	0.592153682
100125623	-1.284737822
101120169	3.238311485
101122558	-0.638837657
101120673	1.877145631
105609117	-1.195638702
101114008	-1.650812275
101121424	-0.765865837
101122409	-2.81203343
101110444	1.12223631
100036758	1.386753828
101118193	-0.720998191
101123359	0.696593384
101120946	1.476703126
101114713	0.710909917
105602432	1.947930365
101120390	0.704037785
101120034	0.668830596
443093	0.789678622
101105203	0.912756043
101117962	1.721336653
101106490	0.672692954
101115472	0.979161711
101105124	-2.443535391
101122451	-0.758940804
101116418	1.520543918
780471	-1.142535244
101103858	0.494369779
101112470	0.891732086
101110172	2.2871204
101114654	-2.042382474
101106659	1.555176406
101110654	0.581221533
114114229	2.161029861
101107444	0.697906732
101104621	-1.46863281
101103532	1.848495139
101105979	-1.44762277
101117822	1.185239284
101109449	1.638261138
101109410	-3.011147115
101122693	-2.132781774
101104610	0.462887279
114108853	-1.804558861
101108665	0.755244691
101113943	-0.831283721
101105524	1.08732155
101102021	-0.928560443
101109448	-1.418732706
101114572	1.073346005
101104451	-1.451648369
105605032	1.438179517
101120678	-1.506415424
101112079	-1.472367852
105607625	-1.139796241
101104765	-0.777885716
443384	1.091728749
101108852	-0.821868963
101110899	1.734861287
114116357	-5.008731752
101109550	0.487339033
101102974	1.302928117
101119224	1.08597364
101110540	-1.218059645
101114252	1.079089916
101103228	0.730755711
101118948	-0.843596518
101114885	-2.765685055
101116239	0.728544909
101120444	-1.459560762
101106306	-0.891696334
101107936	4.719123945
101122069	0.672500742
101107655	0.700884152
101112494	1.356302772
101111572	0.823684935
101118483	0.809573523
101120128	0.669747088
101102102	0.821826825
101121087	-1.232380093
101107446	-0.550710509
101121030	0.469869303
105607892	-2.88011325
105603737	-4.277471619
100302545	-0.575299213
114118720	1.69662998
101116493	1.088169701
101107825	1.122778301
101113121	-1.150886527
443225	-3.406455571
101116059	-1.229641902
101119124	-2.141320858
114114078	5.69281804
114108605	-0.972551105
101108092	-1.152372719
101116812	-0.837972349
100144753	-1.018388479
101119743	-2.161330499
100294600	0.649036725
101115148	-0.813765671
101115592	-0.884797259
101116739	0.744657277
101109579	-0.490112494
101108760	-2.264768134
114117766	1.223258801
114110142	-1.407510868
443298	0.899804559
101118411	-0.904712162
101118616	-0.735667226
101108968	-1.036826989
101117705	-7.609078003
114112952	-0.925156392
101103709	0.75630324
101104173	-1.112697621
101115751	0.503735077
101120524	1.197724788
101118457	1.307352632
101112083	1.577377776
101117461	0.548868216
101109591	-0.892942766
114112963	-2.245818284
101111344	1.183288657
101104056	2.333395315
101103777	0.708770869
101106318	0.739217652
101116453	0.528402844
114118061	-0.667444474
101106275	-0.95614713
114114493	-1.106062117
101101982	-3.230404999
114109611	-0.983252812
101115489	2.237053774
101109782	0.662731212
101118619	0.836507272
101117115	1.112969908
101104367	-0.836113885
114110096	1.971277756
101114819	-0.518694431
114114519	3.567754153
443087	0.662751858
100135691	0.569102856
105612888	1.061371401
101112148	-0.687395971
101105361	1.143890349
101104376	-1.420671481
101118394	0.751378535
101108614	-0.963438051
101121793	0.855697984
101113212	-1.764809956
101109450	-0.544270194
100913155	-1.450803432
101108565	0.860055085
101115792	-1.449156419
101118221	0.533802981
101106014	0.627573663
101107931	1.027258691
101110066	0.767991171
100216463	0.511262899
101104519	-0.842294461
101111937	0.736047512
101108634	0.722119827
101108524	-0.637177288
101104113	-1.141975173
101110635	1.279547336
101118293	-0.740631773
101104201	-1.128761867
101113409	-1.943466617
101104261	0.749865681
101104013	0.87097298
101110736	-0.724089295
101113450	-0.949858027
114115289	1.265530387
101115067	1.112069951
101115998	-1.289826537
101121346	-0.834454853
101109194	0.578312185
101106908	2.352743094
100101227	-0.782785652
101104503	0.745556812
101105616	0.539554348
101107971	1.007751191
443115	0.537239901
101120082	0.721279575
101106083	-0.565442123
101116240	0.638993593
101120937	-0.714525556
105602101	-1.80977597
105604154	0.533574898
100192423	1.34463903
105603281	-1.288259207
101103556	2.565578912
101107524	-0.716774091
101122395	0.793218226
106990094	-0.759030233
101116681	-5.69570118
114110588	-1.73538322
101120355	6.177704849
101112456	-2.134349645
101107594	0.530499392
101116203	-2.617700376
101114158	0.474339809
101110717	0.418464117
101121815	-0.575602681
101118800	0.885834724
101114915	0.716758672
101119982	0.497066715
101120787	0.706998216
101120590	0.930800943
101108627	-0.916897422
101119890	-2.30240258
101103808	0.967293283
101110740	-0.850870109
101120936	1.244919725
101109493	-1.409776345
101105659	-0.838683876
101112982	0.992111168
114116419	6.684766349
101121789	1.441349765
101119074	-1.318005116
101108612	1.386937738
101120134	1.45481102
443199	-2.104403168
101119833	-1.310836716
101106157	-0.758501408
100302065	0.619892363
101111021	-0.915465822
101102435	1.239917273
101116962	-1.729449753
101106541	-3.249477787
101115382	-2.329160606
101120296	-1.182940713
101102150	-0.767269319
101123314	-2.044570099
101118929	1.418056778
114115384	-1.643904621
101104194	0.838150524
101107225	0.750792106
101118463	-1.209008463
101107345	0.62923101
114118014	-1.152567482
101111770	-0.932760218
101111957	0.667699568
105607356	-2.841061646
101105649	0.814699173
101120409	-2.520852553
101118121	-1.675538256
101113871	0.745870063
101107153	0.650163218
101115992	1.191585549
101112837	-1.775820093
101109669	1.63416012
101107727	2.95002866
101114411	-0.879155538
101121422	0.761496117
101113208	-3.477977607
101104664	0.458155991
101111588	1.291162346
101116316	1.223197695
101116435	0.685811334
105608253	0.899266892
101110454	0.978527884
101102611	-0.680236219
114108624	-1.58709255
101104921	1.005699655
101107717	-0.609484601
101114710	-4.496771936
101104418	1.019065045
101102666	-1.063466857
101109297	-0.639803793
101111349	0.993030676
101106759	-1.174015726
101120609	-3.139437369
101105335	-0.904027391
114113913	1.760357411
105603371	-1.929524431
101113785	0.864341912
101114640	-0.505326601
101116432	-1.132436562
101113838	1.043656844
101114517	-0.671336426
443354	4.276546078
101122372	0.6494579
101116440	-2.596131838
114114000	1.06128022
101123035	-0.648942043
101105268	5.732652106
101107465	-1.703621881
101120970	0.910105047
101103745	-4.489990816
101102863	0.727635511
101115673	0.89242231
101102060	-1.025174606
101120238	-0.746284344
101107913	-1.149340492
101111299	0.557997927
101113446	0.537133427
101115457	0.775315185
101114805	1.812547583
101120264	1.321960125
101107684	-3.825685301
101103892	1.660151787
101117693	0.56762689
101102374	-1.100290607
101103799	-0.961666362
114114837	-2.453768532
101119016	-0.645419523
102465992	-1.34988064
105610169	-0.844856519
114117562	-1.989688963
114117316	1.452558225
101122493	0.715883273
101107155	0.518798589
101105118	-2.943104652
101105459	0.777260222
101105843	-2.669515054
114116867	1.114901906
101121332	-2.120850148
114108684	-0.640449871
101113548	0.519331262
101115014	1.000219674
101105893	-0.743937714
100135698	0.987602937
101112309	-0.438981585
101113640	-0.531414454
106990546	-3.143228591
101105251	0.675835168
101107064	-1.352707071
101117337	1.356809222
101112793	-1.050291083
101111273	0.53468626
101122784	-0.690503743
101116871	-1.01166112
105613565	-1.790171051
105611362	-3.0369221
101119219	0.871733369
101102187	1.213965438
101110922	2.363253386
101104967	-0.857136986
101121999	0.791071843
101116293	-1.264793107
101110995	0.793291154
101102937	-0.651337786
101102837	1.112642317
443077	1.185253751
101112958	1.353630022
101119596	-1.445131983
106990241	-2.77113444
101120288	-0.844069301
105606506	-0.914642758
101122975	-0.951736552
114109374	-1.257260095
101105480	0.959248108
443137	-2.883369142
101118688	0.645515407
101115477	-3.017460003
101121548	-2.310491465
101103885	0.587516454
101114867	-2.284388284
101119749	0.740714719
101115266	-0.991853812
101107276	-1.372587699
101105434	-1.44896157
101121348	-1.776650927
101101980	-1.158507257
101107965	0.4119479
101111739	0.694995836
101121804	-0.841219562
101101961	-1.107458645
101116236	0.930969864
101123598	-1.255272987
101115511	0.877367199
101113925	1.066296683
114109345	3.624218586
101116374	1.075448485
101109509	-0.80364599
101117406	-1.061880375
101119229	-0.795272075
101123197	0.486051167
101110712	1.936683356
114117998	-1.135324771
101112419	0.502064923
101116552	0.886629448
101113022	-1.577692973
101122546	0.407808623
100499499	0.762274787
101107952	1.693125167
101116978	0.766440129
101116273	-0.93411537
101115267	1.026146804
100885761	-1.002625124
101119238	-0.831313878
100145864	0.740098251
101107365	-0.676417049
101114545	-0.984214417
101119794	1.374494718
101110109	-1.106452884
101114680	-0.86155543
114111769	-4.297548844
101112754	0.582344544
101115904	1.597761202
101117855	0.833909411
101109043	0.562312012
105605776	-1.035557263
106990878	1.472752003
101103746	1.181299978
101112168	-1.321771897
101116296	0.664952147
101116157	-3.455922292
114113228	0.812889569
101105055	0.649381309
101121432	0.619704018
102466245	2.468058554
101102616	0.774635498
101122959	0.994072558
114109676	-2.738772437
101112642	1.97608584
101114600	-1.014399198
114112146	2.06707599
101118580	-2.168112312
101114971	-3.056973645
101105623	-1.287769721
101103060	0.743971568
101118684	-0.833246584
101109942	0.632766868
101102652	0.563178057
101121797	0.501554497
101113437	0.786409889
101102517	0.521460414
101114708	-0.560506184
101118636	0.882049424
101121228	-0.700822267
101107315	-0.787559013
101102988	-0.613089148
101114137	-1.013938374
101105091	0.676491621
101102912	-3.184787447
101113794	-1.283214745
101109667	0.678233035
101106680	0.746829947
114115264	1.011892321
101123475	0.624752739
443535	1.571389635
101119038	0.663177977
101102848	-0.944517589
101107664	-0.875459289
101123568	0.814503196
101111025	0.625704432
101108471	2.724846002
101122217	0.927854407
101120514	0.80554753
101114090	0.552419468
101102219	1.006241678
101114648	0.513427034
101114984	-1.636272736
101120136	-0.765759975
101102875	-1.591279158
101116516	0.577932886
101116029	-2.987257702
101119386	1.521359267
101107286	-1.355762527
101122388	0.506043305
101116178	1.79146561
101115914	1.046746976
101114199	0.847614073
101108952	0.669933287
101104753	-2.354142922
105612463	-2.170379636
101109432	1.125970802
100529154	0.930555848
101115763	-1.573183765
101113910	0.930352393
114118882	3.006477009
101112474	-0.984659411
101109506	-3.491275279
101106150	-0.761224806
101123468	0.744649145
101117196	0.811820144
101119108	0.732958676
101114100	0.858890164
105604994	-0.784344557
101110947	2.74266166
101111778	-2.711198324
100135690	0.618125725
100820755	-1.53177888
101123136	-3.01246313
101113692	0.59310813
443524	3.135535874
101122469	-0.700737575
101114075	1.096900454
100302558	0.534105725
114108771	0.703822464
101115556	-0.682008682
101118005	-1.402188636
105611754	-2.437000748
101102764	1.109573939
101103147	-0.442084662
101108802	0.785707064
101106228	-1.733827917
101122588	0.997257672
443050	3.434970901
101121263	0.77146284
105602963	-3.033504144
101106920	0.66019749
101117983	-0.857011174
100216438	0.964614384
101123546	0.601906222
101102638	0.555923801
101113321	-1.137327535
101113676	1.349334697
101112400	-0.611882764
100145857	-0.803633466
101116423	-1.473557129
101102855	-0.862482036
101112670	0.602229724
101109045	0.784352498
101104866	-0.723417988
101121672	-0.650376977
101114123	-2.84369634
101122058	0.431029675
101103661	-0.725367946
101108698	-0.708059145
101106156	-1.070434414
101119773	-1.941021888
105601964	-1.961318443
101122782	0.847027539
101109042	0.762362407
101121844	-0.870782717
101108243	2.529110778
101108807	-0.513224554
114116119	-1.662255518
101114321	1.100360954
101111931	-1.252118535
105604649	-2.087029532
101116108	0.483697781
101115771	-0.871056069
105608213	-0.982095313
100820751	1.269033114
101122286	0.935399853
101107366	-0.729616734
101123155	0.874903197
101114169	-0.745228567
114114097	1.297355613
443488	-1.383581573
101113848	0.449198665
101105283	0.774039025
101123342	0.644627343
101112690	1.155170392
101118655	-3.153482357
101118138	-0.678814136
100147787	0.731915109
780487	0.884852949
443271	-3.360292974
101105352	-1.036700586
101104108	0.534367516
101119130	0.844026919
101111541	2.699731244
101123124	0.887507515
101109383	-0.962909671
101106142	0.495553541
101103164	-2.823834717
101108965	-5.946475871
101113954	0.750657944
101116874	-0.894742837
101117591	-1.985992554
101122244	0.626290744
105604875	-1.906790696
101112725	-1.060626523
101119874	0.571539232
101114084	2.183452415
101122445	0.884568831
101108985	-1.562443401
101115004	-1.063659053
101116887	0.610521926
101113917	-1.214842789
101119250	0.355152611
101118642	0.975815782
101113801	-0.648465477
102466860	-3.054732131
101106017	-1.228480676
101118371	-3.363483578
101123036	-1.846879007
101107241	0.789365696
101118861	0.475671938
100302744	-0.742023161
101110909	0.541990867
101109876	-2.572070052
105605855	-4.991268354
101106727	-0.920424248
101116367	0.459673006
114111468	3.215156999
101101853	0.545239978
101122432	-0.404540031
114117234	1.997503337
101114265	-0.804203085
101117881	0.838674759
101103938	0.607699026
101123416	0.612180034
101117919	0.515237486
114114570	-1.475384611
101114448	-0.933572152
101122308	0.718261635
101118183	0.799967745
101112917	0.782358524
101122615	0.703505619
106990110	0.694231467
101103368	-0.974050736
101107451	-0.642698134
101106433	1.539389617
101116146	-2.025825918
101110254	-1.109535925
101104174	-2.302115302
101120047	-0.699374296
101109814	-1.237186838
101116628	-1.535434736
101115705	-1.258188603
101115210	0.994317529
101104818	-0.846728338
101117148	-0.738922796
101119997	-0.751522221
101106182	-1.263370938
101109384	-0.661101811
101122606	1.193335186
443333	1.135441202
101120405	-2.049898048
114114551	-2.858350858
101107110	-2.423683069
443059	0.66682697
101120985	0.768739509
101107844	0.67688409
101112454	-1.916141191
101105366	0.902197996
101112562	0.680283926
100125351	0.996046848
101108668	-0.694332916
105611012	-1.391918679
101110253	2.552244693
101108374	-0.704241013
101112750	0.446629085
101114244	0.884141395
101118967	0.728687115
101106862	0.607508197
101105799	1.109527856
114112240	0.703081297
106991148	-3.4699519
101105454	-1.063054221
101107386	-0.916851628
101123304	-1.183145035
101106758	0.866543396
105605976	-1.877804077
101122496	1.9879816
101114928	1.832115884
101110378	-0.988548672
101102499	1.681747954
100302315	-0.805205848
101115939	-1.447688669
101102810	0.827506867
101102785	0.457300491
101104149	-0.870609984
101103145	0.436433212
100302096	0.674470217
101107605	-1.847447719
443287	1.680848327
101111160	1.320492458
114112921	5.832933854
101111809	-0.730828352
101106827	-1.464651606
101123551	-0.674459092
101116315	-0.840651008
101111769	-3.388304699
101117220	-0.563505974
101105446	0.836225418
101114944	0.777873785
114110247	1.632144413
100037677	0.753751112
101114449	-1.0433563
101115484	0.773556096
780447	1.320256513
100302347	0.81957002
101110731	1.435420505
101106212	-0.717628615
101121034	-1.624114576
101107877	-1.392606174
101112153	-0.68681785
101118048	0.683322504
101108816	-0.794705318
101103375	1.273062195
100135444	0.689671288
101123318	-1.992472852
443108	-2.018711374
101109037	-0.543117429
101116170	-1.184823506
101122111	0.838338086
105611350	0.635541216
101111972	-4.245429368
101118722	0.548828761
101114282	-1.269009689
101112939	-1.300781066
101104076	0.53705305
101112180	-0.745932968
101110836	-2.511412054
101113075	-3.679288952
101116782	-1.11601115
101103655	-0.789416334
101111615	0.988779276
101105343	0.729393587
101111049	1.95486248
105610254	-1.03076171
100500782	-1.254250505
101112542	-0.877340274
101123222	-2.598875848
101110957	0.766900041
101112350	0.552679089
101107006	-0.736724713
101120268	-0.740959038
101115591	1.30018076
114109428	1.099309004
101109443	-0.605798993
114108760	0.82098377
100216315	0.53105808
101111528	-0.694338581
101106250	-2.569227218
114116625	1.231205626
101106371	1.342140987
101120144	0.69909837
101109728	-0.721353905
101111709	2.432241262
101105865	0.725838793
100216465	0.854240899
101109725	1.064370062
101122412	0.790326881
101112289	0.514956906
101106273	0.843082674
101107886	-0.693355932
101104469	0.671602993
101105693	0.569247487
101108307	1.444312527
101114352	0.968224559
101119428	-0.964206558
101121145	-1.185722018
114116897	-2.122545249
101104585	-0.79573115
101117396	0.681712434
101110355	0.577970884
101114584	0.838552067
101119953	-0.554593882
101113240	-1.209365626
101121716	-0.759039373
101107610	0.637588439
101113902	-0.933689999
101115283	0.943527018
101114370	0.66981767
101102283	-0.660625538
105612077	-1.163657245
114114578	-1.64408669
101118003	0.789597535
101102402	-1.327982504
101117139	-0.495115342
101121720	-0.797160864
101108505	0.829745635
105608368	-1.396786505
101120052	1.100361648
101105516	-2.617036833
101116065	0.537503572
101104704	1.73369687
101106706	0.969408523
101110915	-2.145565457
101103501	-0.675148256
101103862	4.8108299
101107566	-1.264452311
114117229	-1.476024899
101104099	-0.583037915
114117325	2.813278918
101110150	-1.117111431
101103329	1.358794103
101119407	-0.516671373
101104073	0.843084903
101121989	-1.014139467
101112641	0.852577642
101109473	0.708445652
101110485	0.629175729
101107462	0.777455409
101103292	1.236054049
101116298	-1.247976336
101113131	-1.837544706
101116618	-0.895005422
100294596	4.085302918
101108165	-1.062336538
101114393	-0.787390459
101120569	-1.527790336
101102552	2.419083947
101108792	0.613778222
101113616	0.706450374
106991220	-3.083625183
105605819	0.884583418
101105760	-1.348555828
105616457	-2.177020779
101122290	-0.542671909
101118896	0.501800675
101112213	-0.585664962
100135434	-1.758277094
101107288	2.603174321
101120852	0.660872309
443262	1.20473516
101119634	-0.863006367
101115000	0.609992157
101105215	1.953349746
101108365	1.037038449
106990091	0.680222641
101119740	-2.79604246
101108210	1.075395525
101107503	-0.688445026
105607156	-0.972064765
100170113	4.847427587
101114717	1.560530983
105611240	-1.471335765
101111922	-2.440633658
101107980	0.663651846
101110684	-0.516283742
114111015	1.360080647
101122907	0.614962455
101118803	-4.024354544
101116278	-0.972895596
101120271	1.111549722
101118077	-1.119054363
101104786	0.676615722
101119071	0.923738683
101122663	-1.10023462
101105140	-1.955000501
101109663	-1.174861391
101110310	1.838853291
101108592	0.673512629
101115086	0.520198246
101113611	-0.605172687
101116451	0.599286611
101109665	0.666935943
114116164	-0.922536909
101106527	-2.197019117
101121853	-2.353638234
101105457	-0.711622146
101118758	-0.675235935
101123438	0.631901748
101119303	-1.05028849
101121275	0.566312693
101122751	-0.922482038
101105772	1.14340246
101115510	0.706972233
101110029	-0.801918605
101113866	0.660978383
105601907	-0.806552702
114110581	0.849845197
101108716	-1.323386872
101119298	-4.653535406
114114490	-1.363817969
105602739	-5.246781242
101107905	-1.219386625
101116263	2.062554686
101122854	-0.670129022
101104396	0.723441695
101105078	-1.053169951
101120515	0.550556137
101111394	-3.008677405
101117416	-0.572039055
101117967	0.671527284
101113654	0.603147657
101103760	-0.423834266
101113019	0.665995159
101112772	0.662470951
101116995	-1.234779408
101102584	-0.608933885
101103388	0.930940048
101118263	-0.636448266
101105647	0.518352252
101111039	1.688488699
101104676	-3.156510493
101121699	1.044557483
105609488	-1.651888585
101121032	0.800250188
101117509	-1.543961545
114118752	0.642623406
101118396	-1.098376708
100422802	-6.300135712
101119983	0.545977071
101119620	-1.709812175
101105943	-0.734201215
101102232	0.742952587
101117002	0.8071667
101111817	0.61415042
101113776	0.935643529
100037703	0.746962039
101122473	-1.015827063
101112412	0.953919463
101121243	-1.601461335
100037676	0.597799723
101107644	-0.481156089
114116606	-2.009291363
105614076	-1.066371641
101120611	0.922594972
101103390	0.65169153
101103330	0.608369334
114118647	-2.896512749
101110831	-0.731653202
101117371	-0.852317134
443226	-1.128722349
101107283	1.257008511
100135700	0.770408563
100820750	-1.975224801
105614894	0.785504168
101110223	-1.24932753
101107038	0.588543747
101118446	-0.978491501
101112244	0.618101348
101102919	-4.961877972
101102834	-1.631919994
101111577	0.702469072
101120892	-1.174879953
101110466	1.328342979
101107149	0.841263344
101123504	-0.573629707
101102807	0.706049551
101108598	-3.136258667
101108095	2.013499823
101111567	-1.463647809
100037696	2.481594076
101115682	-0.96457905
101108814	0.870720488
101110744	-2.705167705
443127	4.960320996
101116795	-2.22691179
101123013	0.709941425
101120068	-0.784058397
101103719	-0.446783263
101118984	-1.509196521
114117363	1.408015337
101122006	2.602750715
105606460	-2.866612091
101117821	-6.587534736
100302360	0.823565349
101107714	0.668776046
101113425	0.970781245
101116612	-0.686124005
101119360	-2.304353632
101113097	-2.352861306
114109537	-2.935589857
101123094	-2.495156595
101109874	0.549134901
101112401	0.416843228
101108974	0.989765066
101117593	-0.851184221
101121350	-0.571787005
100302077	0.613436739
101109613	1.097356786
101122881	0.565945618
101114609	-1.354199542
443541	0.580469708
101121561	0.61691541
101111247	0.884918782
101110174	0.397368706
100820752	0.632399128
101113874	-0.547415869
101114744	0.556219278
101122160	1.25623622
101116326	-1.766369959
443083	-1.348661684
101122277	0.579377364
101113174	0.728211029
101111116	-0.689452799
101112405	-2.143263194
101122868	-1.898540258
114112133	-1.605689837
114116333	-1.019808787
101103201	0.842618359
101122270	-1.574170847
101119144	0.828251281
101111880	-2.539129353
105609758	-1.555295741
101113160	0.801747599
101105152	0.709724956
101102030	-2.168222399
101113453	-0.665681761
114113604	-2.25375793
101120415	0.829463295
106991014	-2.463100704
101112017	-1.288366495
101105383	0.811402385
101107639	0.654060779
101111668	0.483826391
101118862	-0.972265115
101112175	-1.295063405
101110720	0.80335124
101111490	0.739865209
101112279	0.593009428
101112987	0.724425974
443302	-5.328859125
101118304	-0.815035188
101108396	-0.783946339
101102496	-5.276952247
101113635	1.815520737
101107975	-1.96351404
101104449	-0.628326909
101102427	0.72882417
101103131	0.522767089
101106919	-0.59282425
101102773	1.339690255
101103322	0.808668842
101121105	0.70190778
100302342	0.843420622
100147785	0.831713556
100048989	0.679899031
101109622	0.710280924
101121713	0.546081366
442998	0.853946144
101122608	0.478005564
101113116	-1.78708464
114113165	1.282108096
101102723	-0.615784021
101117293	0.803534474
101109236	-0.350989652
101119691	-0.495299273
101121321	0.908779425
101109557	-0.92942423
443258	0.822697094
100037692	0.946685445
101105293	1.529970223
114115360	0.610269934
101122468	0.710085957
101109954	0.50841078
101122031	-0.954858611
101120984	0.878561627
101107104	-2.088882476
101119883	0.543806123
101123620	-1.438389493
101121595	-2.203519617
105607227	-2.215252273
101116521	0.501742232
101107188	-1.21212211
101113225	-0.901823186
114113058	-0.648426204
101122416	1.242327391
443198	-3.846058531
443437	-0.726731819
101107235	0.517395657
101110690	0.728271088
101111703	0.782573444
101121011	0.737266592
101104833	0.75439059
101115071	0.989220629
101123344	-1.792961703
101113185	2.797282281
101104499	-0.765234334
101102133	0.584811757
101103018	-1.296594739
101111793	-0.751550069
114109073	-1.344411029
101113211	0.916316997
101109694	-0.570400353
443460	1.278485734
101104192	-0.61162192
101114748	-0.598387819
101123469	-0.83371441
101109896	-1.103770231
101112313	0.457801201
443193	-1.495245504
101104384	-1.566909357
101122620	0.501065982
101123497	0.717869336
101119613	-0.963647598
101104014	1.018884695
101118408	0.924372826
101114620	-2.612538302
101114586	0.759861626
101115807	-1.575180048
101109183	-0.917798395
114116388	-1.780152181
101110115	0.487131098
101121649	-0.55936144
114116934	-1.958677458
101114150	-0.514584295
101110042	0.686212797
105605114	-1.804956359
101115839	1.350492126
101112645	-0.841538112
101121975	0.597181466
101115752	0.647775041
101110308	-0.986168486
101110925	-1.30402382
101111967	0.673918266
101116917	0.442636357
101116101	2.744251483
101107783	-1.483944534
101109064	0.750571861
101108663	0.581219153
114116709	-2.982523181
101104589	-1.766504642
114108858	-0.520939329
101121719	3.131441514
101103533	0.556164472
101107203	-1.155952058
101119721	0.521768253
114110273	0.986129309
101115926	-0.503754772
101108022	-0.848343351
101104651	-0.690407009
106990901	-0.759497768
101109734	0.673625095
101108418	1.034513607
101114414	0.845731713
101109926	-0.724738484
101120523	-1.302107557
101115678	-3.956019459
114109606	-3.028472944
101119423	0.474372381
101123561	1.732838624
101112105	0.593009857
101114721	-0.676522127
101112399	0.590356998
101109810	-0.563561989
101118901	0.641074523
114108636	-0.847694272
101106971	0.505041841
101117636	-1.811396259
101119367	0.80203685
101112768	-0.4488478
101116026	-0.56776446
101113968	0.450393708
101105329	-0.46084242
101115312	1.03137119
101106592	0.578918289
101111872	1.00355178
101111152	1.428590036
101122573	0.681300586
101116317	-1.110029721
101117995	0.764852472
101107660	-4.829302156
443340	0.423596401
101104742	0.610661115
101113926	-4.408087324
100568286	-0.928282898
101109366	1.288245119
101111036	-0.660209913
101114929	-0.976270562
101119261	-1.573169761
101102284	0.616082868
101120551	0.623387335
443413	-2.303013156
105603011	0.478184005
101116224	0.940568418
101122759	2.465535684
106991117	-1.153005471
101118880	0.978549577
114114901	-0.545320178
101112653	-1.619331144
101101920	-0.961136526
101110489	-0.830482096
101112784	-0.541402346
101106020	0.787883679
100125358	1.212990597
101121959	0.636896399
101107376	-0.478552934
101109543	-3.478417554
100171398	-0.449176006
443345	-3.048502123
101109136	0.60846259
101106607	-1.752020845
101112016	-2.120884013
101120875	-1.014575697
101107679	-1.773407044
101113655	0.82634642
101108269	-0.692839512
105603956	0.8459122
105605940	-0.744215137
101102006	-0.670964174
101112909	-3.376857084
101122805	-0.532739746
101105746	-0.601726567
100147781	0.877201927
101103579	0.542447444
101115415	0.438650941
101110034	-1.928958951
101119836	0.537509208
101119350	-2.185918482
101105592	1.572995477
105602841	-1.854297268
101106258	-2.667704047
780456	0.933450935
114110453	-1.690901825
101107758	-1.459435889
101122406	-3.252532089
101122420	-1.392327448
101107580	0.515934119
101112637	-0.825251632
101118788	0.592717094
101117654	-1.041788313